Commit Id	Time	Total LOC	LOC added	LOC removed	Files affected	Files added	Files removed	Commit Msg
a916d888f2e	17	100	48	52	1	0	0	185
