99b210d7eac	.js,1
82cfdb88fac	.js,1
3c4c36068e0	.js,1
d3d776f9789	.js,1
f90ba614782	.js,1
f2f30286bf5	.js,2
99b210d7eac	.js,1
82cfdb88fac	.js,1
3c4c36068e0	.js,1
d3d776f9789	.js,1
f90ba614782	.js,1
f2f30286bf5	.js,2
