Commit Id	Time	Total LOC	LOC added	LOC removed	Files affected	Files added	Files removed	Commit Msg
5d0b5a00aac	12	81	78	3	2	0	0	53
2e288326600	14	37	35	2	2	0	0	107
677c2c112c8	18	58	56	2	2	0	0	50
a94ffdaec57	23	140	114	26	2	0	0	62
